<resources>
    <string-array name="arrMeasures">
        <item>
            <name>Consumo de combustible,Milla por galón americano,Milla por galón (Imperial),Kilómetro por litro,Litro por 100 Kms.</name>
        </item>
        <item>
            *1      ,*1.201  ,/2.352,-235.215,
            /1.201  ,*1      ,/2.825,-282.481,
            *2.352  ,*2.825  ,*1    ,-100    ,
            -235.215,-282.481,-100  ,*1
        </item>
        <item>
            <name>Energia,Julio,Kilojulio,Caloría-gramo,Kilocaloría,Vatio-hora,Kilovatio-hora,Electronvoltio,BTU,Térmia estadounidense,Pie-libra fuerza</name>
        </item>
        <item>
            *1        ,/1000     ,/4.184    ,/4184     ,/3600     ,/3.6e+6   ,*6.242e+18,/1055     ,/1.055e+8 ,/1.356    ,
            *1000     ,*1        ,*239      ,/4.184    ,/3.6      ,/3600     ,*9.223e+18,/1.055    ,/105480   ,*738      ,
            *4.184    ,/239      ,*1        ,/1000     ,/860      ,/860421   ,*9.223e+18,/252      ,/2.521e+7 ,*3.086    ,
            *4184     ,*4.184    ,*1000     ,*1        ,*1.162    ,/860      ,*9.223e+18,*3.966    ,/25210    ,*3086     ,
            *3600     ,*3.6      ,*860      ,/1.162    ,*1        ,/1000     ,*9.223e+18,*3.412    ,/29300    ,*2655     ,
            *3.6e+6   ,*3600     ,*860421   ,*860      ,*1000     ,*1        ,*9.223e+18,*3412     ,/29.3     ,*2.655e+6 ,
            /6.242e+18,/9.223e+18,/9.223e+18,/9.223e+18,/9.223e+18,/9.223e+18,*1        ,/9.223e+18,/9.223e+18,/8.462e+18,
            *1055     ,*1.055    ,*252      ,/3.966    ,/3.412    ,/3412     ,*9.223e+18,*1        ,/99976    ,*778      ,
            *1.055e+8 ,*105480   ,*2.521e+7 ,*25210    ,*29300    ,*29.3     ,*9.223e+18,*99976    ,*1        ,*7.78e+7  ,
            *1.356    ,/738      ,/3.086    ,/3086     ,/2655     ,/2.655e+6 ,*8.462e+18,/778      ,/7.78e+7  ,*1
        </item>
        <item>
            Frecuencia,Herzio,Kiloherzio,Megaherzio,Gigaherzio
        </item>
        <item>
            *1         ,/1000   ,/1000000,/1000000000,
            *1000      ,*1      ,/1000   ,/1000000,
            *1000000   ,*1000   ,*1      ,/1000,
            *1000000000,*1000000,*1000   ,*1
        </item>
        <item>
            <name>Longitud,Kilómetro,Metro,Centímetro,Milímetro,Micrómetro,Nanómetro,Milla,Yarda,Pie,Pulgada,Milla Náutica</name>
        </item>
        <item>
            *1     ,*1000 ,*100000,*1e+6    ,*1e+9    ,*1e+12    ,/1.609    ,*1094    ,*3281    ,*39370  ,/1.852    ,
            /1000  ,*1    ,*100   ,*1000    ,*1e+6    ,*1e+9     ,/1609     ,*1.094   ,*3.281   ,*39.37  ,/1852     ,
            /100000,/100  ,*1     ,*10      ,*10000   ,*1e+7     ,/160934   ,/91.44   ,/30.48   ,/2.54   ,/185200   ,
            /1e+6  ,/1000 ,/10    ,*1       ,*1000    ,*1e+6     ,/1.609e+6 ,/914     ,/305     ,/25.4   ,/1.852e+6 ,
            /1e+9  ,/1e+6 ,/1e-4  ,/1000    ,*1       ,*1000     ,/1.609e+9 ,/914400  ,/304800  ,/25400  ,/1.852e+9 ,
            /1e+12 ,/1e+9 ,/1e+7  ,/1e+6    ,/1000    ,*1        ,/1.609e+12,/9.144e+8,/3.048e+8,/2.54e+7,/1.852e+12,
            *1.609 ,*1609 ,*160934,*1.609e+6,*1.609e+9,*1.609e+12,*1        ,*1760    ,*5280    ,*63360  ,/1.151    ,
            /1094  ,/1.094,*91.44 ,*914     ,*914400  ,*9.144e+8 ,/1760     ,*1       ,*3       ,*36     ,/2025     ,
            /3281  ,/3.281,*30.48 ,*305     ,*304800  ,*3.048e+8 ,/5280     ,/3       ,*1       ,*12     ,/6076     ,
            /39370 ,/39.37,*2.54  ,*25.4    ,*25400   ,*2.54e+7  ,/63360    ,/36      ,/12      ,*1      ,/72913    ,
            *1.852 ,*1852 ,*185200,*1.852e+6,*1.852e+9,*1.852e+12,*1.151    ,*2025    ,*6076    ,*72913  ,*1
        </item>
        <item>
            Presión,Atmósfera,Bar,Libra por pulgada cuadrada,Pascal,Torr
        </item>
        <item>
            *1     ,*1.013 ,*14.696,*101325,*760,
            /1.013 ,*1     ,*14.504,*100000,*750,
            /14.696,/14.504,*1     ,*6895  ,*51.715,
            /101325,/100000,/6895  ,*1     ,/133,
            /760   ,/750   ,/51.715,*133   ,*1
        </item>
        <item>
            <name>Masa</name>
        </item>
        <item>
            - Not asigned
        </item>
        <item>
            <name>Tamaño de datos</name>
        </item>
        <item>
            - Not asigned
        </item>
        <item>
            <name>Tasa de transmisión de datos</name>
        </item>
        <item>
            - Not asigned
        </item>
        <item>
            <name>Temperatura</name>
        </item>
        <item>
            - Not asigned
        </item>
        <item>
            <name>Tiempo</name>
        </item>
        <item>
            - Not asigned
        </item>
        <item>
            <name>Velocidad</name>
        </item>
        <item>
            - Not asigned
        </item>
        <item>
            <name>Volumen</name>
        </item>
        <item>
            - Not asigned
        </item>
        <item>
            <name>Ángulo plano</name>
        </item>
        <item>
            - Not asigned
        </item>
        <item>
            <name>Área</name>
        </item>
        <item>
            - Not asigned
        </item>
    </string-array>
</resources>
